|##|w|x|y|z|f0|f1|f2|f3|f4|f5|f6|f7|f8|f9|
|==+=+=+=+=+==+==+==+==+==+==+==+==+==+==|
| 0|0|0|0|0| 0| 0| 1| 0| 1| 0| 1| 1| 0| 1|
| 1|0|0|0|1| 0| 1| 0| 0| 1| 1| 1| 1| 0| 0|
| 2|0|0|1|0| 1| 0| 0| 0| 1| 0| 1| 1| 1| 0|
| 3|0|0|1|1| 1| 1| 1| 0| 0| 1| 1| 1| 1| 1|
|--+-+-+-+-+--+--+--+--+--+--+--+--+--+--|
| 4|0|1|0|0| 0| 1| 0| 1| 1| 1| 1| 0| 1| 0|
| 5|0|1|0|1| 0| 0| 1| 1| 1| 1| 1| 1| 1| 0|
| 6|0|1|1|0| 1| 1| 1| 1| 0| 1| 1| 1| 0| 0|
| 7|0|1|1|1| 1| 1| 0| 1| 0| 1| 1| 1| 0| 0|
|--+-+-+-+-+--+--+--+--+--+--+--+--+--+--|
| 8|1|0|0|0| 0| 1| 1| 1| 1| 0| 0| 0| 0| 0|
| 9|1|0|0|1| 0| 0| 0| 1| 0| 1| 0| 0| 0| 1|
|10|1|0|1|0| 1| 1| 0| 1| 0| 0| 0| 0| 0| 0|
|11|1|0|1|1| 1| 1| 1| 1| 0| 1| 0| 0| 0| 0|
|--+-+-+-+-+--+--+--+--+--+--+--+--+--+--|
|12|1|1|0|0| 0| 1| 0| 1| 0| 0| 0| 0| 0| 1|
|13|1|1|0|1| 0| 1| 1| 1| 0| 0| 0| 0| 0| 0|
|14|1|1|1|0| 1| 0| 1| 1| 0| 0| 0| 0| 0| 0|
|15|1|1|1|1| 1| 1| 0| 1| 0| 0| 1| 0| 0| 1|
|--+-+-+-+-+--+--+--+--+--+--+--+--+--+--|
TruthTableTitans.part1.v:80: $finish called at 90 (1s)
